G230
G195
G33
G58
G141
